0000047 320 240 100.650376
0000051 320 240 131.107735
0000059 320 240 140.389503
0000072 320 240 112.544199
0000087 320 240 174.864641
0000176 320 240 132.433702
0000382 320 214 138.240331
0000631 320 180 80.0
0000643 320 240 108.566298
0000697 320 220 74.035912
0000759 320 242 168.295580
0000794 320 241 167.602210
0000952 320 240 44.675824
0001677 320 240 71.049451
0002136 320 240 81.598901
0002395 320 240 119.840659
0002755 320 240 90.829670
0003178 320 285 32.601648
0003423 214 320 150.829670
0003463 320 213 108.755495
0003728 320 240 113.870166
0003793 320 240 129.781768
0003957 320 242 53.312155
0004028 320 240 76.743094
0004069 320 240 39.616022
0004294 320 240 131.107735
0004498 320 240 68.787293
0004774 320 213 97.585635
0005074 320 240 87.350829
0005079 320 240 101.936464
0005633 320 240 176.190608
0006575 320 240 74.091160
0007323 320 224 121.730769
0007545 320 214 104.560440
0007932 320 240 82.917582
0009212 320 213 74.815934
0010830 320 240 129.071429
0010950 320 240 201.598901
0011003 320 213 120.458791
0011033 320 240 76.324176
0011073 320 240 112.544199
0011088 320 240 108.566298
0011116 320 240 136.411602
0011154 320 240 165.582873
0100026 320 213 111.707182
0100030 320 240 105.914365
0100061 320 213 139.950276
0100091 320 240 164.256906
0100113 320 212 84.245856
0100132 320 269 187.016575
0100164 320 240 115.196133
0100241 320 240 109.892265
0100477 320 213 81.837912
0100579 320 212 98.928571
0100628 320 251 162.546703
0100740 320 240 160.719780
0100787 320 237 126.162088
0100822 320 239 107.524725
0100851 320 240 63.137363
0100855 240 320 254.565934
0100892 320 240 113.870166
0100935 320 240 80.720994
0101060 320 242 105.455801
0101121 240 320 275.417127
0101434 320 212 140.466851
0101463 320 240 202.709945
0101488 320 213 77.580110
0101492 320 214 94.494475
0101801 320 240 101.936464
0102039 320 212 97.129834
0102170 320 240 170.886740
0102234 320 240 86.024862
0102403 320 240 43.357143
0102435 320 240 118.521978
0102436 320 240 98.741758
0102534 320 213 90.030220
0102544 320 240 53.906593
0102566 320 240 106.653846
0103256 320 240 59.181319
0103344 320 213 57.260989
0103420 320 240 140.389503
0103468 320 240 120.000000
0103740 320 240 96.632597
0104019 320 240 201.383978
0104194 291 320 100.389503
0104439 320 214 159.522099
0104463 320 240 156.301105
0104552 320 240 115.196133
0104808 320 240 115.196133
0104958 320 213 157.602210
0105003 320 240 84.698895
0105064 320 240 80.720994
0105146 320 194 84.175824
0105159 320 240 131.708791
0105305 240 320 214.126374
1000061 320 213 130.991758
1000063 240 320 252.807692
1000097 240 320 98.082418
1000105 320 240 183.137363
1000288 320 240 77.642857
1000351 240 320 149.892265
1000413 320 240 164.256906
1000505 320 240 97.958564
1000580 320 240 32.986188
1000615 240 320 107.461326
1000731 320 240 72.765193
1000875 320 240 112.544199
1000882 320 240 129.781768
1000929 320 240 165.582873
1000947 320 240 91.328729
1000993 320 240 128.455801
1001184 320 240 135.085635
1001195 320 211 91.508242
1001252 320 198 77.197802
1001685 320 213 93.541209
1001688 320 213 87.689560
1001770 320 213 81.837912
1001794 320 240 129.071429
1001875 320 213 139.184066
1001944 320 240 55.225275
1100001 320 222 47.720994
1100002 320 240 107.240331
1100003 320 162 64.494475
1100004 320 210 134.505525
1100005 320 221 52.392265
1100006 320 241 130.320442
1100007 320 240 115.196133
1100008 320 240 75.417127
1100009 320 240 105.914365
1100011 224 320 151.660221
1100013 320 240 116.522099
1100014 320 212 106.000000
1100015 320 240 131.708791
1100016 320 240 177.862637
1100017 320 240 114.565934
1100023 320 240 107.972527
1100025 319 320 160.000000
1100027 320 236 108.774725
1100029 320 227 80.947802
1100030 320 209 126.244505
1100031 320 261 81.972376
2000001 320 213 143.480663
2000002 320 240 177.516575
2000003 320 240 145.693370
2000004 320 213 106.500000
2000008 320 256 136.986188
2000012 320 240 105.914365
2000019 320 241 75.729282
2000022 320 240 116.522099
2000023 320 240 113.870166
2000025 214 320 194.091160
2000028 320 320 179.947514
2000030 320 240 78.961538
2000031 320 240 106.653846
2000032 320 240 47.313187
2000033 320 211 57.887363
2000034 320 240 163.357143
2000035 320 240 111.928571
2000036 320 240 121.159341
2000037 320 229 103.046703
2000039 320 240 144.367403
2000041 320 213 158.779006
2000042 320 240 62.157459
2000043 240 320 135.748619
2000044 320 179 150.325967
3000072 320 240 79.395028
3000076 320 240 58.179558
3000099 320 240 96.632597
3000119 320 240 26.356354
3000148 320 240 26.356354
3000299 320 240 3.814917
3000323 320 240 14.422652
3000454 320 240 49.950549
3000469 320 240 158.082418
3000676 214 320 273.906593
3000716 320 213 88.859890
3000759 320 214 6.967033
3000945 320 219 85.332418
3001004 320 240 90.829670
3001018 320 213 25.662088
3001061 320 312 46.179558
3001131 320 213 134.066298
3001230 320 240 97.958564
3001319 240 320 148.124309
3001336 320 202 62.439227
3001421 320 240 34.312155
3001460 320 240 43.593923
3001555 320 193 103.397790
3001569 320 240 131.107735
3001667 320 240 83.372928
3001751 320 212 92.444751
3001767 240 320 125.140884
3001826 320 240 23.576923
3001891 320 240 56.543956
3001976 320 214 72.813187
3002020 320 183 45.244505
3002059 320 227 41.035714
3002082 320 214 61.054945
3002154 320 240 6.434066
3002206 240 320 69.950549
3002221 320 214 75.577348
3002340 320 240 31.660221
3002366 320 240 86.024862
3002411 320 213 172.900552
3002594 320 240 30.334254
3002905 320 214 67.301105
3002909 320 240 101.936464
3003122 320 240 17.074586
3003322 320 260 186.522099
3003328 320 213 115.237569
3003356 240 320 125.140884
3003448 320 240 10.444751
3003731 320 240 47.313187
3003791 320 240 63.137363
3003817 320 217 66.673077
4000066 240 320 166.653846
4000086 240 320 160.000000
4100066 240 320 143.796703
4100246 240 320 142.038462
4100280 240 320 147.313187
5000016 320 213 44.629834
5000119 320 213 131.712707
5000120 320 213 130.535912
5000121 320 213 125.828729
5000122 320 213 121.121547
5000123 320 213 137.596685
5000124 320 213 106.500000
5000125 320 213 121.121547
5000126 320 213 90.524862
5000127 320 213 124.651934
5000128 240 320 185.251381
5000129 320 213 92.878453
5000130 320 213 145.035714
5000131 320 213 130.991758
5000132 320 213 120.458791
5000133 320 213 130.991758
5000137 320 213 84.178571
5000144 320 240 78.961538
5000147 320 213 125.140110
5000149 320 213 15.129121
5000150 320 240 74.091160
5000162 320 240 192.102210
5000163 320 240 79.395028
5000164 240 320 47.350829
5000165 320 240 111.218232
5000166 320 240 113.870166
5000168 320 240 71.439227
5000172 240 320 210.002762
5000173 240 320 195.859116
5000174 240 320 187.019337
5000175 320 239 141.127072
5000176 213 320 240.058011
5000180 213 320 242.258242
5000181 213 320 266.873626
5000182 213 320 226.434066
5000183 320 213 167.271978
5000184 320 213 155.568681
5000188 213 320 175.445055
5000190 213 320 275.664835
5000191 320 213 36.195055
5000192 320 213 103.469613
5000194 320 213 156.425414
5000195 320 213 162.309392
5000196 320 213 142.303867
5000197 320 213 91.701657
5000198 320 213 131.712707
5000199 320 213 181.138122
5000200 320 213 135.243094
5000201 213 320 188.787293
5000202 320 213 147.011050
5000203 320 213 158.779006
5000204 320 213 23.447514
5000205 320 213 108.755495
5000226 320 213 35.024725
5000234 320 213 39.706044
5000257 320 213 73.645604
5000264 320 213 67.793956
5000265 320 213 70.134615
6000000 320 240 105.335165
6000001 320 240 44.675824
6000002 320 240 111.218232
6000003 320 240 109.892265
6000004 320 240 32.986188
6000005 320 240 164.256906
6000006 320 240 109.892265
6000007 320 240 135.085635
6000008 320 240 128.455801
6000009 320 240 149.671271
6000010 320 240 129.781768
6000011 320 240 103.262431
6000012 320 240 128.455801
6000013 320 240 128.455801
6000014 320 240 142.258242
6000015 320 240 114.565934
6000016 320 240 127.752747
6000017 320 240 111.928571
6000018 320 240 111.928571
6000019 320 240 125.115385
6000020 320 240 106.653846
6000021 320 240 138.302198
6000022 320 240 139.063536
6000023 320 240 136.411602
6000024 320 240 135.085635
6000025 320 240 127.129834
6000026 320 240 124.477901
6000027 320 240 117.848066
6000028 320 240 120.000000
6000029 320 240 132.433702
6000030 320 240 144.367403
6000031 320 240 145.693370
6000032 320 240 136.411602
6000033 320 240 93.980663
6000034 320 240 120.000000
6000035 320 240 135.664835
6000036 320 240 110.609890
6000037 320 240 110.609890
6000038 320 240 85.554945
6000039 320 240 140.939560
6000040 320 240 102.697802
6000041 320 240 126.434066
6000042 320 240 78.069061
6000043 320 240 88.676796
6000044 320 240 101.936464
6000045 320 240 70.113260
6000046 320 240 70.113260
6000047 320 240 86.024862
6000048 320 240 80.720994
6000049 320 240 62.157459
6000050 320 240 120.000000
6000051 320 240 91.328729
6000052 320 240 80.720994
6000053 320 240 109.892265
6000054 320 214 115.142857
6000055 320 240 109.291209
6000056 320 240 133.027473
6000057 320 240 111.928571
6000058 320 240 179.181319
6000059 320 240 134.346154
6000060 320 240 126.434066
6000061 320 240 96.104396
6000062 320 240 100.610497
6000063 320 240 72.765193
6000064 320 240 129.781768
6000065 320 240 97.958564
6000066 320 240 132.433702
6000067 320 240 144.367403
6000068 320 214 107.000000
6000069 320 240 143.041436
6000070 320 240 112.544199
6000071 320 240 150.997238
6000072 320 240 91.328729
6000073 320 240 153.649171
6000074 320 240 131.708791
6000075 320 240 148.851648
6000076 320 240 126.434066
6000077 320 240 125.115385
6000078 320 240 120.000000
6000079 320 240 168.631868
6000080 320 240 135.664835
6000081 320 240 188.412088
6000082 320 240 149.671271
6000083 320 240 147.019337
6000084 320 240 174.864641
6000085 320 240 136.411602
6000086 320 240 181.494475
6000087 320 240 182.820442
6000088 320 240 115.196133
6000089 320 240 125.803867
6000090 320 240 169.560773
6000091 320 240 153.649171
6000092 320 240 145.693370
6000093 320 240 139.063536
6000094 320 240 131.708791
6000095 320 240 111.928571
6000096 320 240 120.000000
6000097 320 240 94.785714
6000098 320 240 81.598901
6000099 320 240 143.576923
6000100 320 240 86.873626
6000101 320 240 105.335165
6000102 320 240 80.720994
6000103 320 240 64.809392
6000104 320 240 133.759669
6000105 320 240 104.588398
6000106 320 240 95.306630
6000107 320 240 82.046961
6000108 320 240 55.527624
6000109 320 240 148.345304
6000110 320 240 136.411602
6000111 320 240 139.063536
6000112 320 240 135.085635
6000113 320 240 139.063536
6000114 320 240 77.642857
6000115 320 240 71.049451
6000116 320 240 130.390110
6000117 320 240 73.686813
6000118 320 240 75.005495
6000119 320 240 85.554945
6000120 320 240 93.467033
6000121 320 240 100.060440
6000122 320 240 95.306630
6000123 320 240 107.240331
6000124 320 240 74.091160
6000125 320 240 101.936464
6000126 320 240 76.743094
6000127 320 240 91.328729
6000128 320 240 90.002762
6000129 320 240 104.588398
6000130 320 240 91.328729
6000131 320 240 111.218232
6000132 320 240 72.765193
6000133 320 240 76.743094
6000134 320 240 111.928571
6000135 320 240 101.379121
6000136 320 240 104.016484
6000137 320 240 92.148352
6000138 320 240 104.016484
6000139 320 240 111.928571
6000140 320 240 134.346154
6000141 320 240 121.159341
6000142 320 240 113.870166
6000143 320 240 115.196133
6000144 320 240 113.870166
6000145 320 240 90.002762
6000146 320 240 148.345304
6000147 320 240 132.433702
6000148 320 240 108.566298
6000149 320 240 139.063536
6000150 320 240 129.781768
6000151 320 240 99.284530
6000152 320 240 177.516575
6000153 320 240 162.930939
6000154 320 240 160.719780
6000155 240 320 135.005495
6000156 320 240 64.456044
6000157 320 240 129.071429
6000158 320 240 109.291209
6000159 320 240 120.000000
6000160 320 240 120.000000
6000161 320 240 146.214286
6000162 320 240 144.367403
6000163 320 240 162.930939
6000164 320 240 140.389503
6000165 320 240 149.671271
6000166 320 240 154.975138
6000167 320 240 170.886740
6000168 320 240 127.129834
6000169 320 240 148.345304
6000170 320 240 153.649171
6000171 320 240 153.649171
6000172 320 240 144.367403
6000173 320 240 143.041436
6000174 320 240 139.620879
6000175 320 240 147.532967
6000176 320 240 140.939560
6000177 320 240 142.258242
6000178 320 240 142.258242
6000179 320 240 136.983516
6000180 320 240 120.000000
6000181 320 240 158.082418
6000182 320 240 150.997238
6000183 320 240 128.455801
6000184 320 240 145.693370
6000185 320 240 154.975138
6000186 320 240 198.732044
6000187 320 240 148.345304
6000188 320 240 137.737569
6000189 320 240 141.715470
6000190 320 240 152.323204
6000191 320 240 132.433702
6000192 320 240 149.671271
6000193 320 240 157.627072
6000194 320 240 120.000000
6000195 320 240 144.895604
6000196 320 240 134.346154
6000197 320 240 151.489011
6000198 320 240 152.807692
6000199 320 240 140.939560
6000200 320 240 162.038462
6000201 320 240 146.214286
6000202 320 240 133.759669
6000203 320 240 120.000000
6000204 320 240 144.367403
6000205 320 240 154.975138
6000206 320 240 117.848066
6000207 320 240 143.041436
6000208 320 240 144.367403
6000209 320 240 152.323204
6000210 320 240 139.063536
6000211 320 240 136.411602
6000212 320 240 149.671271
6000213 320 240 150.997238
6000214 320 240 135.664835
6000215 320 240 142.258242
6000216 320 240 148.851648
6000217 320 240 156.763736
6000218 320 240 140.939560
6000219 320 240 142.258242
6000220 320 240 111.928571
6000221 320 240 135.664835
6000222 320 240 133.759669
6000223 320 240 133.759669
6000224 320 240 131.107735
6000225 320 240 150.997238
6000226 320 240 132.433702
6000227 320 240 112.544199
6000228 320 240 120.000000
6000229 320 240 132.433702
6000230 320 240 135.085635
6000231 320 240 115.196133
6000232 320 240 148.345304
6000233 320 240 128.455801
6000234 320 240 135.664835
6000235 320 240 130.390110
6000236 320 240 138.302198
6000237 320 240 144.895604
6000238 320 240 133.027473
6000239 320 240 158.082418
6000240 320 240 148.851648
6000241 320 240 154.126374
6000242 320 240 120.500000
6000243 320 240 148.345304
6000244 320 240 145.693370
6000245 320 240 133.759669
6000246 320 240 132.433702
6000247 320 240 158.953039
6000248 320 240 120.000000
6000249 320 240 120.000000
6000250 320 240 144.367403
6000251 320 240 144.367403
6000252 320 240 165.582873
6000253 320 240 154.975138
6000254 320 240 129.071429
6000255 320 240 127.752747
6000256 320 240 151.489011
6000257 320 240 138.302198
6000258 320 240 133.027473
6000259 320 240 135.664835
6000260 320 240 130.390110
6000261 320 240 133.027473
6000262 320 240 120.000000
6000263 320 240 120.000000
6000264 320 240 120.000000
6000265 320 240 109.892265
6000266 320 240 144.367403
6000267 320 240 131.107735
6000268 320 240 133.759669
6000269 320 240 137.737569
6000270 320 240 120.000000
6000271 320 240 120.000000
6000272 320 240 137.737569
6000273 320 240 131.107735
6000274 320 240 133.027473
6000275 320 240 134.346154
6000276 320 240 139.620879
6000277 320 240 146.214286
6000278 320 240 110.609890
6000279 320 240 134.346154
6000280 320 240 113.247253
6000281 320 240 114.565934
6000282 320 240 180.168508
6000283 320 240 162.930939
6000284 320 240 104.588398
6000285 320 240 136.411602
6000286 240 320 197.627072
6000287 320 240 129.781768
6000288 320 240 124.477901
6000289 320 240 137.737569
6000290 320 240 135.085635
6000291 320 240 145.693370
6000292 320 240 128.455801
6000293 320 240 131.107735
6000294 320 240 134.346154
6000295 320 240 134.346154
6000296 320 240 126.434066
6000297 320 240 138.302198
6000298 320 240 134.346154
6000299 320 240 148.851648
6000300 320 240 135.664835
6000301 320 240 130.390110
6000302 320 240 116.522099
6000303 320 240 133.759669
6000304 320 240 139.063536
6000305 320 240 128.455801
6000306 320 240 115.196133
6000307 320 240 96.632597
6000308 320 240 58.179558
6000309 320 240 136.411602
6000310 320 240 112.544199
6000311 320 240 71.439227
6000312 320 240 83.372928
6000313 320 240 66.135359
6000314 320 240 117.203297
6000315 320 240 133.027473
6000316 320 240 119.840659
6000317 320 240 92.148352
6000318 320 214 107.000000
6000319 320 240 126.434066
6000320 320 240 110.609890
6000321 320 240 135.664835
6000322 320 240 120.000000
6000323 320 240 135.085635
6000324 320 240 82.046961
6000325 320 240 149.671271
6000326 320 240 112.544199
6000327 320 240 96.632597
6000328 320 240 95.306630
6000329 320 240 91.328729
6000330 320 240 105.914365
6000331 320 240 97.958564
6000332 320 240 112.544199
6000333 320 240 101.936464
6000334 320 240 133.027473
6000335 320 240 150.170330
6000336 320 240 129.071429
6000337 320 240 134.346154
6000338 320 240 136.983516
6000339 320 240 140.939560
6000340 320 240 120.000000
6000341 320 240 130.390110
6000342 320 240 165.582873
6000343 320 240 135.085635
6000344 320 240 158.953039
6000345 320 240 165.582873
6000346 320 240 136.411602
6000347 320 240 132.433702
6000348 320 240 135.085635
6000349 320 240 131.107735
6000350 320 240 140.389503
6000351 320 240 120.000000
6000352 320 240 140.389503
6000353 320 240 150.997238
6000354 320 240 134.346154
6000355 320 240 133.027473
8000811 320 240 168.631868
8001155 320 240 81.598901
8001974 320 240 76.324176
8002274 240 320 224.675824
8002764 214 320 171.928571
8003131 320 214 185.692308
8003836 320 240 170.886740
8003952 213 320 141.052486
8004573 320 169 79.397790
8005616 320 137 75.812155
8006160 320 240 154.975138
8006302 320 240 160.279006
8008099 213 320 119.837017
8008545 240 320 199.395028
8008998 320 239 158.292818
9000001 320 238 103.000000
9000002 320 240 164.00000
9000003 315 320 97.00000
9000029 240 320 128.676796
9000127 320 240 105.914365
9000136 320 240 109.892265
9000210 320 206 92.747253
9000288 320 240 77.642857
9000395 320 240 94.785714
9000747 320 240 84.236264
9000868 320 240 63.137363
9000875 320 240 111.928571
9000928 320 240 120.000000
9000933 320 240 130.390110
9000989 320 240 59.505525
9001001 320 240 99.284530
9001034 320 207 90.276243
9001071 320 213 105.823204
9001184 320 240 140.389503
9001300 320 240 42.267956
9001317 320 240 90.002762
9001619 320 240 70.113260
9001713 320 240 129.781768
9001991 240 320 158.732044
9002004 320 214 119.323204
9002021 320 240 75.417127
9002090 320 240 45.994505
9002114 320 240 84.236264
9002474 320 240 86.873626
9002577 320 240 61.818681
9002827 320 214 48.120879
9002861 320 240 135.664835
9002972 320 240 77.642857
9003116 320 240 131.708791
9003135 320 240 92.654696
9003234 320 239 90.950276
9003250 320 262 89.522099
9003301 320 240 80.720994
9003333 320 240 90.002762
9003339 320 240 30.334254
9003378 320 239 96.232044
9003423 320 240 91.328729
9003585 214 320 135.748619
9003635 320 240 117.848066
9003836 320 240 101.936464
9004060 320 240 131.107735
9004066 320 240 55.225275
9004070 320 240 107.972527
9004199 320 240 101.379121
9004242 240 320 64.675824
9004294 320 240 176.543956
9004353 320 240 130.390110
9004368 320 240 125.115385
9004383 320 240 115.884615
9004427 320 240 135.085635
9004520 320 240 120.000000
9004581 320 240 128.455801
9004766 320 214 54.295580
9004879 320 264 107.704420
9004965 310 320 160.000000
9004971 320 240 62.157459
9005011 320 240 101.936464
9005105 320 207 118.867403
9005245 320 240 90.002762
9005273 320 213 117.591160
9005294 320 240 136.411602
